10 24.80
11 24.80
12 24.80
13 24.80
14 24.80
15 24.80
16 24.80
17 24.80
18 24.80
19 24.80
20 24.80
21 24.80
22 24.80
23 24.80
24 24.80
25 24.80
26 24.80
27 24.80
28 24.80
29 24.80
30 24.80
31 24.80
32 24.80
33 24.80
34 24.80
35 24.80
36 24.80
37 24.80
38 24.80
39 24.80
40 24.80
41 24.80
42 24.80
43 24.80
44 24.80
45 24.70
46 24.70
47 24.70
48 24.70
49 24.70
50 24.70
51 24.70
52 24.70
53 24.80
54 24.80
55 24.70
56 24.70
57 24.70
58 24.70
59 24.70
60 24.70
61 24.70
62 24.70
63 24.80
64 24.80
65 24.70
66 24.70
67 24.80
68 24.80
69 24.80
70 24.80
71 24.80
72 24.80
73 24.80
74 24.80
75 24.70
76 24.70
77 24.70
78 24.70
79 24.80
80 24.80
81 24.80
82 24.80
83 24.80
84 24.80
85 24.80
86 24.80
87 24.80
88 24.80
89 24.80
90 24.80
91 24.80
92 24.80
93 24.80
94 24.80
95 24.80
96 24.80
97 24.80
98 24.80
99 24.80
100 24.80
101 24.80
102 24.80
103 24.80
104 24.80
105 24.80
106 24.80
107 24.80
108 24.80
109 24.90
110 24.90
111 24.80
112 24.80
113 24.80
114 24.80
115 24.90
116 24.90
117 24.90
118 24.90
119 24.90
120 24.90
121 24.90
122 24.90
123 24.90
124 24.90
125 24.90
126 24.90
127 24.90
128 24.90
129 24.90
130 24.90
131 24.90
132 24.90
133 25.00
134 25.00
135 25.00
136 25.00
137 25.00
138 25.00
139 25.00
140 25.00
141 25.00
142 25.00
143 25.00
144 25.00
145 25.00
146 25.00
147 25.00
148 25.00
149 25.10
150 25.10
151 25.10
152 25.10
153 25.10
154 25.10
155 25.10
156 25.10
157 25.10
158 25.10
159 25.20
160 25.20
161 25.20
162 25.20
163 25.20
164 25.20
165 25.20
166 25.20
167 25.20
168 25.20
169 25.20
170 25.20
171 25.30
172 25.30
173 25.30
174 25.30
175 25.30
176 25.30
177 25.30
178 25.30
179 25.40
180 25.40
181 25.40
182 25.40
183 25.40
184 25.40
185 25.50
186 25.50
187 25.50
188 25.50
189 25.50
190 25.50
191 25.60
192 25.60
193 25.60
194 25.60
195 25.60
196 25.60
197 25.70
198 25.70
199 25.70
200 25.70
201 25.70
202 25.70
203 25.70
204 25.70
205 25.80
206 25.80
207 25.80
208 25.80
209 25.90
210 25.90
211 25.90
212 25.90
213 26.00
214 26.00
215 26.00
216 26.00
217 26.00
218 26.00
219 26.10
220 26.10
221 26.10
222 26.10
223 26.10
224 26.10
225 26.20
226 26.20
227 26.20
228 26.20
229 26.30
230 26.30
231 26.30
232 26.30
233 26.40
234 26.40
235 26.40
236 26.40
237 26.50
238 26.50
239 26.50
240 26.50
241 26.60
242 26.60
243 26.60
244 26.60
245 26.70
246 26.70
247 26.70
248 26.70
249 26.80
250 26.80
251 26.80
252 26.80
253 26.90
254 26.90
255 26.90
256 26.90
257 27.00
258 27.00
259 27.10
260 27.10
261 27.10
262 27.10
263 27.20
264 27.20
265 27.20
266 27.20
267 27.30
268 27.30
269 27.40
270 27.40
271 27.40
272 27.40
273 27.50
274 27.50
275 27.60
276 27.60
277 27.60
278 27.60
279 27.70
280 27.70
281 27.80
282 27.80
283 27.80
284 27.80
285 27.90
286 27.90
287 27.90
288 27.90
289 28.00
290 28.00
291 28.10
292 28.10
293 28.10
294 28.10
295 28.20
296 28.20
297 28.30
298 28.30
299 28.40
300 28.40
301 28.50
302 28.50
303 28.50
304 28.50
305 28.60
306 28.60
307 28.70
308 28.70
309 28.80
310 28.80
311 28.90
312 28.90
313 28.90
314 28.90
315 29.00
316 29.00
317 29.10
318 29.10
319 29.20
320 29.20
321 29.20
322 29.20
323 29.30
324 29.30
325 29.40
326 29.40
327 29.50
328 29.50
329 29.60
330 29.60
331 29.70
332 29.70
333 29.80
334 29.80
335 29.90
336 29.90
337 29.90
338 29.90
339 30.00
340 30.00
341 30.10
342 30.10
343 30.20
344 30.20
345 30.30
346 30.30
347 30.40
348 30.40
349 30.50
350 30.50
351 30.60
352 30.60
353 30.70
354 30.70
355 30.80
356 30.80
357 30.90
358 30.90
359 31.00
360 31.00
361 31.10
362 31.10
363 31.20
364 31.20
365 31.30
366 31.30
367 31.40
368 31.40
369 31.50
370 31.50
371 31.60
372 31.60
373 31.70
374 31.70
375 31.80
376 31.80
377 31.80
378 31.80
379 32.00
380 32.00
381 32.10
382 32.10
383 32.10
384 32.10
385 32.30
386 32.30
387 32.40
388 32.40
389 32.50
390 32.50
391 32.60
392 32.60
393 32.70
394 32.70
395 32.80
396 32.80
397 32.90
398 32.90
399 33.00
400 33.00
401 33.10
402 33.10
403 33.20
404 33.20
405 33.30
406 33.30
407 33.40
408 33.40
409 33.50
410 33.50
411 33.70
412 33.70
413 33.80
414 33.80
415 33.90
416 33.90
417 34.00
418 34.00
419 34.10
420 34.10
421 34.20
422 34.20
423 34.30
424 34.30
425 34.50
426 34.50
427 34.60
428 34.60
429 34.70
430 34.70
431 34.80
432 34.80
433 34.90
434 34.90
435 35.10
436 35.10
437 35.20
438 35.20
439 35.30
440 35.30
441 35.40
442 35.40
443 35.60
444 35.60
445 35.60
446 35.60
447 35.80
448 35.80
449 35.90
450 35.90
451 36.10
452 36.10
453 36.20
454 36.20
455 36.30
456 36.30
457 36.40
458 36.40
459 36.50
460 36.50
461 36.70
462 36.70
463 36.80
464 36.80
465 36.90
466 36.90
467 37.10
468 37.10
469 37.20
470 37.20
471 37.30
472 37.30
473 37.40
474 37.40
475 37.60
476 37.60
477 37.70
478 37.70
479 37.80
480 37.80
481 38.00
482 38.00
483 38.10
484 38.10
485 38.20
486 38.20
487 38.40
488 38.40
489 38.50
490 38.50
491 38.60
492 38.60
493 38.80
494 38.80
495 38.90
496 38.90
497 39.10
498 39.10
499 39.20
500 39.20
501 39.30
502 39.30
503 39.50
504 39.50
505 39.60
506 39.60
507 39.80
508 39.80
509 39.90
510 39.90
511 40.00
512 40.00
513 40.20
514 40.20
515 40.30
516 40.30
517 40.50
518 40.50
519 40.60
520 40.60
521 40.80
522 40.80
523 40.90
524 40.90
525 41.00
526 41.00
527 41.20
528 41.20
529 41.30
530 41.30
531 41.50
532 41.50
533 41.60
534 41.60
535 41.80
536 41.80
537 41.90
538 41.90
539 42.10
540 42.10
541 42.20
542 42.20
543 42.30
544 42.30
545 42.50
546 42.50
547 42.60
548 42.60
549 42.70
550 42.70
551 42.90
552 42.90
553 43.00
554 43.00
555 43.20
556 43.20
557 43.30
558 43.30
559 43.40
560 43.40
561 43.60
562 43.60
563 43.70
564 43.70
565 43.80
566 43.80
567 44.00
568 44.00
569 44.10
570 44.10
571 44.30
572 44.30
573 44.40
574 44.40
575 44.50
576 44.50
577 44.70
578 44.70
579 44.80
580 44.80
581 44.90
582 44.90
583 45.10
584 45.10
585 45.20
586 45.20
587 45.30
588 45.30
589 45.50
590 45.50
591 45.60
592 45.60
593 45.70
594 45.70
595 45.80
596 45.80
597 45.90
598 45.90
599 46.10
600 46.10
601 46.20
602 46.20
603 46.30
604 46.30
605 46.40
606 46.40
607 46.50
608 46.50
609 46.70
610 46.70
611 46.80
612 46.80
613 46.90
614 46.90
615 47.00
616 47.00
617 47.10
618 47.10
619 47.20
620 47.20
621 47.30
622 47.30
623 47.40
624 47.40
625 47.60
626 47.60
627 47.70
628 47.70
629 47.80
630 47.80
631 47.90
632 47.90
633 48.00
634 48.00
635 48.10
636 48.10
637 48.20
638 48.20
639 48.30
640 48.30
641 48.40
642 48.40
643 48.50
644 48.50
645 48.60
646 48.60
647 48.70
648 48.70
649 48.80
650 48.80
651 48.90
652 48.90
653 49.00
654 49.00
655 49.10
656 49.10
657 49.20
658 49.20
659 49.20
660 49.20
661 49.40
662 49.40
663 49.40
664 49.40
665 49.50
666 49.50
667 49.60
668 49.60
669 49.70
670 49.70
671 49.80
672 49.80
673 49.90
674 49.90
675 50.00
676 50.00
677 50.00
678 50.00
679 50.10
680 50.10
681 50.20
682 50.20
683 50.30
684 50.30
685 50.40
686 50.40
687 50.40
688 50.40
689 50.50
690 50.50
691 50.60
692 50.60
693 50.70
694 50.70
695 50.80
696 50.80
697 50.80
698 50.80
699 50.90
700 50.90
701 51.00
702 51.00
703 51.00
704 51.00
705 51.10
706 51.10
707 51.20
708 51.20
709 51.30
710 51.30
711 51.30
712 51.30
713 51.40
714 51.40
715 51.40
716 51.40
717 51.50
718 51.50
719 51.60
720 51.60
721 51.60
722 51.60
723 51.70
724 51.70
725 51.80
726 51.80
727 51.80
728 51.80
729 51.90
730 51.90
731 51.90
732 51.90
733 52.00
734 52.00
735 52.10
736 52.10
737 52.10
738 52.10
739 52.20
740 52.20
741 52.20
742 52.20
743 52.30
744 52.30
745 52.30
746 52.30
747 52.40
748 52.40
749 52.50
750 52.50
751 52.50
752 52.50
753 52.60
754 52.60
755 52.60
756 52.60
757 52.70
758 52.70
759 52.70
760 52.70
761 52.80
762 52.80
763 52.80
764 52.80
765 52.80
766 52.80
767 52.90
768 52.90
769 52.90
770 52.90
771 53.00
772 53.00
773 53.00
774 53.00
775 53.10
776 53.10
777 53.10
778 53.10
779 53.20
780 53.20
781 53.20
782 53.20
783 53.30
784 53.30
785 53.30
786 53.30
787 53.30
788 53.30
789 53.40
790 53.40
791 53.40
792 53.40
793 53.40
794 53.40
795 53.50
796 53.50
797 53.50
798 53.50
799 53.60
800 53.60
801 53.60
802 53.60
803 53.60
804 53.60
805 53.70
806 53.70
807 53.70
808 53.70
809 53.80
810 53.80
811 53.80
812 53.80
813 53.80
814 53.80
815 53.80
816 53.80
817 53.90
818 53.90
819 53.90
820 53.90
821 54.00
822 54.00
823 54.00
824 54.00
825 54.00
826 54.00
827 54.00
828 54.00
829 54.10
830 54.10
831 54.10
832 54.10
833 54.10
834 54.10
835 54.10
836 54.10
837 54.10
838 54.10
839 54.20
840 54.20
841 54.20
842 54.20
843 54.20
844 54.20
845 54.30
846 54.30
847 54.30
848 54.30
849 54.30
850 54.30
851 54.30
852 54.30
853 54.30
854 54.30
855 54.40
856 54.40
857 54.40
858 54.40
859 54.40
860 54.40
861 54.40
862 54.40
863 54.50
864 54.50
865 54.50
866 54.50
867 54.50
868 54.50
869 54.50
870 54.50
871 54.60
872 54.60
873 54.60
874 54.60
875 54.60
876 54.60
877 54.60
878 54.60
879 54.60
880 54.60
881 54.60
882 54.60
883 54.60
884 54.60
885 54.70
886 54.70
887 54.70
888 54.70
889 54.70
890 54.70
891 54.70
892 54.70
893 54.70
894 54.70
895 54.70
896 54.70
897 54.80
898 54.80
899 54.80
900 54.80
901 54.80
902 54.80
903 54.80
904 54.80
905 54.80
906 54.80
907 54.80
908 54.80
909 54.80
910 54.80
911 54.80
912 54.80
913 54.80
914 54.80
915 54.90
916 54.90
917 54.90
918 54.90
919 54.90
920 54.90
921 54.90
922 54.90
923 54.90
924 54.90
925 54.90
926 54.90
927 54.90
928 54.90
929 54.90
930 54.90
931 54.90
932 54.90
933 55.00
934 55.00
935 54.90
936 54.90
937 55.00
938 55.00
939 55.00
940 55.00
941 55.00
942 55.00
943 55.00
944 55.00
945 55.00
946 55.00
947 55.00
948 55.00
949 55.00
950 55.00
951 55.00
952 55.00
953 55.00
954 55.00
955 55.00
956 55.00
957 55.00
958 55.00
959 55.00
960 55.00
961 55.00
962 55.00
963 55.00
964 55.00
965 55.00
966 55.00
967 55.10
968 55.10
969 55.10
970 55.10
971 55.10
972 55.10
973 55.00
974 55.00
975 55.10
976 55.10
977 55.10
978 55.10
979 55.10
980 55.10
981 55.10
982 55.10
983 55.10
984 55.10
985 55.10
986 55.10
987 55.10
988 55.10
989 55.00
990 55.00
991 55.10
992 55.10
993 55.10
994 55.10
995 55.10
996 55.10
997 55.10
998 55.10
999 55.10
1000 55.10
1001 55.10
1002 55.10
1003 55.10
1004 55.10
1005 55.10
1006 55.10
1007 55.10
1008 55.10
1009 55.10
1010 55.10
1011 55.10
1012 55.10
1013 55.10
1014 55.10
1015 55.00
1016 55.00
1017 55.00
1018 55.00
1019 55.10
1020 55.10
1021 55.00
1022 55.00
1023 55.10
1024 55.10
1025 55.00
1026 55.00
1027 55.10
1028 55.10
1029 55.00
1030 55.00
1031 55.00
1032 55.00
1033 55.00
1034 55.00
1035 55.00
1036 55.00
1037 55.00
1038 55.00
1039 55.00
1040 55.00
1041 55.00
1042 55.00
1043 55.00
1044 55.00
1045 55.00
1046 55.00
1047 55.00
1048 55.00
1049 55.00
1050 55.00
1051 55.00
1052 55.00
1053 55.00
